1 1600
2 2799
3 2300
4 2700
5 6699
6 3299
7 5399
8 5700
9 6299
10 15300
11 6499
12 9500
13 6601
14 9800
15 8700
16 9900
17 9300
18 10999
19 12000
20 8899
21 10500
22 11001
23 11300
24 12101
25 12700
26 13200
27 15000
28 14301
29 14700
30 14300
31 17200
32 15400
33 17501
34 18200
35 17200
36 18900
37 15099
38 17700
39 14601
40 17700
41 15300
42 15900
43 16000
44 15000
45 7900
46 5199
47 6500
48 5700
49 16399
50 6000
51 6301
52 6801
53 6999
54 6401
55 6700
56 6401
57 5700
58 3800
59 4000
60 4900
61 4000
62 4000
63 4400
64 4500
65 4100
66 4200
67 4301
68 4401
69 4700
70 4600
71 4500
72 5000
73 4700
74 4801
75 5200
76 4900
77 5001
78 5300
79 4999
80 5500
81 13900
82 5299
83 5300
84 5300
85 5900
86 5500
87 5800
88 5600
89 5700
90 6301
91 5700
92 5700
93 5901
94 6099
95 5900
96 6300
97 6000
98 6500
99 6099
100 6400
101 11100
102 7900
103 6400
104 19700
105 14899
106 7401
107 7100
108 7800
109 6799
110 7001
111 7600
112 7001
113 7300
114 7000
115 7500
116 7300
117 7401
118 7500
119 7500
120 8300
121 7901
122 7800
123 7800
124 7700
125 8100
126 7901
127 8101
128 8700
129 8100
130 8500
131 8099
132 8299
133 9601
134 8300
135 8299
136 22900
137 27000
138 15599
139 17401
140 26500
141 16699
142 16800
143 20800
144 16100
145 18100
146 16100
147 17400
148 16100
149 25500
150 23100
151 15500
152 17700
153 16900
154 18300
155 20199
156 18200
157 55200
158 26700
159 49800
160 28799
161 18500
162 19801
163 22700
164 24000
165 22401
166 20300
167 21400
168 24800
169 29901
170 25900
171 24900
172 22600
173 24300
174 25599
175 22900
176 26400
177 34200
178 22900
179 24001
180 24301
181 22700
182 28300
183 24100
184 28199
185 5799800
186 5000
187 3900
188 3900
189 3899
190 3899
191 4100
192 4000
193 4000
194 4001
195 4000
196 4000
197 4000
198 4099
199 4100
200 9200
201 4100
202 4100
203 4199
204 4200
205 4200
206 5800
207 4299
208 4300
209 4301
210 4299
211 4400
212 7900
213 7700
214 9101
215 9000
216 7501
217 6900
218 7300
219 8100
220 8200
221 8700
222 8400
223 8299
224 8601
225 8800
226 8801
227 8899
228 9101
229 8900
230 8599
231 8500
232 8600
233 8600
234 8700
235 9000
236 9400
237 9000
238 9099
239 9001
240 17799
241 9500
242 10800
243 12099
244 9700
245 9100
246 9600
247 9900
248 9900
249 10000
250 9900
251 10099
252 10001
253 10099
254 10200
255 10199
256 10200
257 9400
258 10200
259 9300
260 11200
261 9900
262 9900
263 10300
264 10299
265 10800
266 10399
267 10700
268 10600
269 10700
270 11099
271 10700
272 10801
273 10400
274 10700
275 12001
276 10501
277 11400
278 10400
279 10600
280 9401
281 9999
282 10199
283 10499
284 10901
285 10401
286 10499
287 10400
288 10999
289 10599
290 10600
291 10900
292 11100
293 10499
294 10901
295 9299
296 10701
297 11100
298 11300
299 11000
300 11000
301 11500
302 11400
303 12200
304 10699
305 11100
306 11400
307 11400
308 11300
309 11800
310 11799
311 11700
312 11400
313 10700
314 11299
315 9700
316 10200
317 12199
318 11799
319 12101
320 12101
321 11901
322 11900
323 12001
324 12199
325 12700
326 11500
327 12100
328 11400
329 19500
330 12501
331 12300
332 11800
333 12300
334 12100
335 12700
336 12400
337 12999
338 12500
339 11700
340 12601
341 13099
342 13100
343 13200
344 13400
345 13300
346 12201
347 13400
348 12900
349 13499
350 13400
351 13300
352 12599
353 14601
354 13200
355 13001
356 13400
357 12900
358 13500
359 13900
360 13799
361 13600
362 13700
363 13699
364 13500
365 12399
366 13800
367 14000
368 14200
369 14100
370 13801
371 13400
372 13199
373 14000
374 13300
375 16601
376 13901
377 14200
378 13600
379 14000
380 13900
381 14400
382 14800
383 14800
384 14699
385 11999
386 15200
387 14900
388 14300
389 14500
390 14000
391 14599
392 14999
393 15100
394 14800
395 15699
396 14599
397 16599
398 8400
399 8201
400 8100
401 8099
402 8100
403 8099
404 8799
405 8200
406 8300
407 8300
408 8200
409 8300
410 8299
411 8299
412 8401
413 10601
414 15500
415 15400
416 15700
417 14701
418 14700
419 15799
420 56200
421 47500
422 17400
423 18200
424 17701
425 17700
426 17400
427 16900
428 16100
429 17900
430 15600
431 16201
432 15500
433 15600
434 15400
435 16001
436 17700
437 16201
438 16599
439 16701
440 16599
441 16600
442 16700
443 16600
444 17000
445 16900
446 16399
447 16500
448 16501
449 16800
450 16299
451 17400
452 17200
453 16300
454 67100
455 16699
456 17499
457 16899
458 17300
459 17001
460 16899
461 16900
462 15200
463 17700
464 17899
465 17900
466 18200
467 17300
468 17601
469 16801
470 17901
471 17300
472 61200
473 16799
474 17000
475 17701
476 16400
477 13900
478 13300
479 13600
480 17699
481 17599
482 18001
483 18700
484 18800
485 18800
486 18900
487 17600
488 18500
489 61699
490 18901
491 18800
492 19000
493 18800
494 18600
495 19100
496 18699
497 18701
498 19000
499 19200
500 20301
501 19200
502 15600
503 17801
504 18801
505 18900
506 80301
507 18499
508 18900
509 19000
510 19000
511 18800
512 18801
513 19300
514 19000
515 20000
516 30200
517 18800
518 19000
519 19100
520 19700
521 18700
522 88500
523 17100
524 17399
525 19600
526 19700
527 19899
528 19801
529 19699
530 19600
531 19901
532 19800
533 19901
534 20001
535 20499
536 19301
537 65801
538 20400
539 17300
540 19999
541 20600
542 22199
543 14801
544 11100
545 11000
546 11100
547 11000
548 11100
549 11200
550 11100
551 11200
552 53399
553 11301
554 11200
555 11200
556 11300
557 11300
558 11199
559 11300
560 11400
561 11300
562 11300
563 11400
564 11300
565 11400
566 11500
567 47399
568 11400
569 13600
570 12900
571 14600
572 15899
573 500
574 601
575 500
576 400
577 300
578 500
579 400
580 400
581 300
582 300
583 300
584 400
585 300
586 300
587 300
588 300
589 300
590 300
591 601
592 600
593 499
594 400
595 300
596 301
597 400
598 300
599 300
